[vias]

240,0,10,20,0,67,1,0
243,0,38,25,0,90,1,1
246,0,78,31,0,112,1,2
248,0,106,38,0,142,1,3
261,0,135,40,0,171,1,4
267,0,170,43,0,191,1,5
54,0,28,97,0,224,1,6
163,0,8,182,0,200,1,7
114,0,20,135,0,200,1,8



[carros]
0.10
0.08
0.09
0.10
0.09
0.10
0.08
0.09
0.10
0.09
0.10
0.08
0.09
0.10
0.09
0.10
0.08
0.09
0.10
0.09
0.10
0.08
0.09
0.10
0.09
0.10
0.08
0.09
0.10
0.09
0.10
0.08
0.09
0.10
0.09
0.10
0.08
0.09
0.10
0.09
0.10
0.08
0.09
0.10
0.09
0.10
0.08
0.09
0.10
0.09

0.10
0.08
0.09
0.10
0.09
0.10
0.08
0.09
0.10
0.09
0.10
0.08
0.09
0.10
0.09
0.10
0.08
0.09
0.10
0.09
0.10
0.08
0.09
0.10
0.09
0.10
0.08
0.09
0.10
0.09
0.10
0.08
0.09
0.10
0.09
0.10
0.08
0.09
0.10
0.09
0.10
0.08
0.09
0.10
0.09
0.10
0.08
0.09
0.10
0.09

0.10
0.08
0.09
0.10
0.09
0.10
0.08
0.09
0.10
0.09
0.10
0.08
0.09
0.10
0.09
0.10
0.08
0.09
0.10
0.09
0.10
0.08
0.09
0.10
0.09
0.10
0.08
0.09
0.10
0.09
0.10
0.08
0.09
0.10
0.09
0.10
0.08
0.09
0.10
0.09
0.10
0.08
0.09
0.10
0.09
0.10
0.08
0.09
0.10
0.09

0.10
0.08
0.09
0.10
0.09
0.10
0.08
0.09
0.10
0.09
0.10
0.08
0.09
0.10
0.09
0.10
0.08
0.09
0.10
0.09
0.10
0.08
0.09
0.10
0.09
0.10
0.08
0.09
0.10
0.09
0.10
0.08
0.09
0.10
0.09
0.10
0.08
0.09
0.10
0.09
0.10
0.08
0.09
0.10
0.09
0.10
0.08
0.09
0.10
0.09




[conversoes]

0,0,8,2
0,8,3,1
0,1,6,2
0,6,4,2
0,4,7,1
0,7,5,1
0,5,6,1
0,6,0,1
0,0,8,2
0,8,-1,1

1,5,6,1
1,6,1,1
1,1,8,2
1,8,0,1
1,0,7,1
1,7,4,1
1,4,6,2
1,6,-1,1

2,6,0,2
2,0,8,1
2,8,3,1
2,3,6,2
2,6,4,2
2,4,7,2
2,7,1,2
2,1,-1,1

3,3,6,1
3,6,1,1
3,1,7,1
3,7,5,1
3,5,6,1
3,6,2,2
3,2,-1,1

4,8,5,2
4,5,7,2
4,7,1,2
4,1,6,1
4,6,0,1
4,0,7,1
4,7,5,2
4,5,-1,1

5,1,7,2
5,7,3,1
5,3,6,2
5,6,5,2
5,5,8,2
5,8,1,2
5,1,6,1
5,6,0,1
5,0,8,2
5,8,-1,1

6,2,6,2
6,6,4,2
6,4,7,2
6,7,2,2
6,2,8,1
6,8,1,2
6,1,6,2
6,6,5,2
6,5,7,2
6,7,4,1
6,4,-1,1

7,7,0,1
7,0,6,2
7,6,3,2
7,3,7,1
7,7,5,1
7,5,6,2
7,6,-1,1

8,5,7,1
8,7,4,2
8,4,8,1
8,8,3,1
8,3,7,2
8,7,2,2
8,2,6,1
8,6,0,1
8,0,8,2
8,8,-1,1

9,6,1,2
9,1,8,1
9,8,2,1
9,2,6,2
9,6,3,2
9,3,8,1
9,8,4,1
9,4,6,2
9,6,5,2
9,5,7,2
9,7,3,2
9,3,8,1
9,8,0,2
9,0,6,2
9,6,4,1
9,4,-1,1

10,5,6,1
10,6,0,1
10,0,8,1
10,8,4,2
10,4,7,2
10,7,2,2
10,2,6,1
10,6,0,1
10,0,8,1
10,8,2,1
10,2,6,1
10,6,0,1
10,0,8,1
10,8,2,1
10,2,6,2
10,6,3,1
10,3,-1,1

11,2,8,2
11,8,3,1
11,3,6,1
11,6,0,1
11,0,7,1
11,7,3,1
11,3,6,2
11,6,4,2
11,4,7,1
11,7,5,1
11,5,6,1
11,6,4,2
11,4,-1,1

12,3,8,1
12,8,2,1
12,2,7,2
12,7,1,2
12,1,6,2
12,6,4,2
12,4,7,2
12,7,1,1
12,1,-1,1

13,0,6,2
13,6,1,2
13,1,8,1
13,8,2,2
13,2,7,1
13,7,3,1
13,3,6,2
13,6,5,2
13,5,8,2
13,8,0,2
13,0,6,2
13,6,1,2
13,1,7,1
13,7,3,2
13,3,-1,1

14,4,8,1
14,8,3,1
14,3,7,2
14,7,1,2
14,1,6,2
14,6,2,2
14,2,8,1
14,8,4,2
14,4,7,1
14,7,5,1
14,5,6,2
14,6,-1,1

15,2,7,2
15,7,3,1
15,3,8,2
15,8,4,2
15,4,7,2
15,7,3,2
15,3,6,1
15,6,1,1
15,1,8,2
15,8,0,1
15,0,7,2
15,7,-1,1

16,3,7,1
16,7,2,2
16,2,8,2
16,8,5,2
16,5,7,2
16,7,0,2
16,0,8,2
16,8,3,1
16,3,6,2
16,6,4,1
16,4,-1,1

17,5,6,1
17,6,3,1
17,3,7,2
17,7,2,2
17,2,6,1
17,6,0,2
17,0,-1,1

18,1,7,2
18,7,4,1
18,4,6,1
18,6,2,1
18,2,7,2
18,7,0,2
18,0,6,2
18,6,5,2
18,5,8,2
18,8,4,1
18,4,7,1
18,7,5,2
18,5,-1,1

19,0,7,2
19,7,3,1
19,3,6,2
19,6,4,2
19,4,7,2
19,7,0,2
19,0,8,1
19,8,-1,1

20,5,7,1
20,7,2,2
20,2,6,1
20,6,0,1
20,0,7,1
20,7,3,2
20,3,-1,1

21,6,4,2
21,4,7,1
21,7,5,1
21,5,6,2
21,6,-1,1

22,2,7,1
22,7,0,2
22,0,6,2
22,6,5,1
22,5,-1,1

23,2,6,2
23,6,3,2
23,3,7,1
23,7,4,2
23,4,-1,1

24,8,5,2
24,5,7,2
24,7,1,2
24,1,6,2
24,6,4,2
24,4,7,1
24,7,5,2
24,5,-1,1

25,0,8,2
25,8,3,1
25,1,6,2
25,6,4,2
25,4,7,1
25,7,5,1
25,5,6,1
25,6,0,1
25,0,8,2
25,8,-1,1

26,5,6,1
26,6,1,1
26,1,8,2
26,8,0,1
26,0,7,1
26,7,4,1
26,4,6,2
26,6,-1,1

27,6,0,2
27,0,8,1
27,8,3,1
27,3,6,2
27,6,4,2
27,4,7,2
27,7,1,2
27,1,-1,1

28,3,6,1
28,6,1,1
28,1,7,1
28,7,5,1
28,5,6,1
28,6,2,2
28,2,-1,1

29,8,5,2
29,5,7,2
29,7,1,2
29,1,6,1
29,6,0,1
29,0,7,1
29,7,5,2
29,5,-1,1

30,1,7,2
30,7,3,1
30,3,6,2
30,6,5,2
30,5,8,2
30,8,1,2
30,1,6,1
30,6,0,1
30,0,8,2
30,8,-1,1

31,2,6,2
31,6,4,2
31,4,7,2
31,7,2,2
31,2,8,1
31,8,1,2
31,1,6,2
31,6,5,2
31,5,7,2
31,7,4,1
31,4,-1,1

32,7,0,1
32,0,6,2
32,6,3,2
32,3,7,1
32,7,5,1
32,5,6,2
32,6,-1,1

33,5,7,1
33,7,4,2
33,4,8,1
33,8,3,1
33,3,7,2
33,7,2,2
33,2,6,1
33,6,0,1
33,0,8,2
33,8,-1,1

34,6,1,2
34,1,8,1
34,8,2,1
34,2,6,2
34,6,3,2
34,3,8,1
34,8,4,1
34,4,6,2
34,6,5,2
34,5,7,2
34,7,3,2
34,3,8,1
34,8,0,2
34,0,6,2
34,6,4,1
34,4,-1,1

35,5,6,1
35,6,0,1
35,0,8,1
35,8,4,2
35,4,7,2
35,7,2,2
35,2,6,1
35,6,0,1
35,0,8,1
35,8,2,1
35,2,6,1
35,6,0,1
35,0,8,1
35,8,2,1
35,2,6,2
35,6,3,1
35,3,-1,1

36,2,8,2
36,8,3,1
36,3,6,1
36,6,0,1
36,0,7,1
36,7,3,1
36,3,6,2
36,6,4,2
36,4,7,1
36,7,5,1
36,5,6,1
36,6,4,2
36,4,-1,1

37,3,8,1
37,8,2,1
37,2,7,2
37,7,1,2
37,1,6,2
37,6,4,2
37,4,7,2
37,7,1,1
37,1,-1,1

38,0,6,2
38,6,1,2
38,1,8,1
38,8,2,2
38,2,7,1
38,7,3,1
38,3,6,2
38,6,5,2
38,5,8,2
38,8,0,2
38,0,6,2
38,6,1,2
38,1,7,1
38,7,3,2
38,3,-1,1

39,4,8,1
39,8,3,1
39,3,7,2
39,7,1,2
39,1,6,2
39,6,2,2
39,2,8,1
39,8,4,2
39,4,7,1
39,7,5,1
39,5,6,2
39,6,-1,1

40,2,7,2
40,7,3,1
40,3,8,2
40,8,4,2
40,4,7,2
40,7,3,2
40,3,6,1
40,6,1,1
40,1,8,2
40,8,0,1
40,0,7,2
40,7,-1,1

41,3,7,1
41,7,2,2
41,2,8,2
41,8,5,2
41,5,7,2
41,7,0,2
41,0,8,2
41,8,3,1
41,3,6,2
41,6,4,1
41,4,-1,1

42,5,6,1
42,6,3,1
42,3,7,2
42,7,2,2
42,2,6,1
42,6,0,2
42,0,-1,1

43,1,7,2
43,7,4,1
43,4,6,1
43,6,2,1
43,2,7,2
43,7,0,2
43,0,6,2
43,6,5,2
43,5,8,2
43,8,4,1
43,4,7,1
43,7,5,2
43,5,-1,1

44,0,7,2
44,7,3,1
44,3,6,2
44,6,4,2
44,4,7,2
44,7,0,2
44,0,8,1
44,8,-1,1

45,5,7,1
45,7,2,2
45,2,6,1
45,6,0,1
45,0,7,1
45,7,3,2
45,3,-1,1

46,6,4,2
46,4,7,1
46,7,5,1
46,5,6,2
46,6,-1,1

47,2,7,1
47,7,0,2
47,0,6,2
47,6,5,1
47,5,-1,1

48,2,6,2
48,6,3,2
48,3,7,1
48,7,4,2
48,4,-1,1

49,8,5,2
49,5,7,2
49,7,1,2
49,1,6,2
49,6,4,2
49,4,7,1
49,7,5,2
49,5,-1,1

50,0,8,2
50,8,3,1
50,1,6,2
50,6,4,2
50,4,7,1
50,7,5,1
50,5,6,1
50,6,0,1
50,0,8,2
50,8,-1,1

51,5,6,1
51,6,1,1
51,1,8,2
51,8,0,1
51,0,7,1
51,7,4,1
51,4,6,2
51,6,-1,1

52,6,0,2
52,0,8,1
52,8,3,1
52,3,6,2
52,6,4,2
52,4,7,2
52,7,1,2
52,1,-1,1

53,3,6,1
53,6,1,1
53,1,7,1
53,7,5,1
53,5,6,1
53,6,2,2
53,2,-1,1

54,8,5,2
54,5,7,2
54,7,1,2
54,1,6,1
54,6,0,1
54,0,7,1
54,7,5,2
54,5,-1,1

55,1,7,2
55,7,3,1
55,3,6,2
55,6,5,2
55,5,8,2
55,8,1,2
55,1,6,1
55,6,0,1
55,0,8,2
55,8,-1,1

56,2,6,2
56,6,4,2
56,4,7,2
56,7,2,2
56,2,8,1
56,8,1,2
56,1,6,2
56,6,5,2
56,5,7,2
56,7,4,1
56,4,-1,1

57,7,0,1
57,0,6,2
57,6,3,2
57,3,7,1
57,7,5,1
57,5,6,2
57,6,-1,1

58,5,7,1
58,7,4,2
58,4,8,1
58,8,3,1
58,3,7,2
58,7,2,2
58,2,6,1
58,6,0,1
58,0,8,2
58,8,-1,1

59,6,1,2
59,1,8,1
59,8,2,1
59,2,6,2
59,6,3,2
59,3,8,1
59,8,4,1
59,4,6,2
59,6,5,2
59,5,7,2
59,7,3,2
59,3,8,1
59,8,0,2
59,0,6,2
59,6,4,1
59,4,-1,1

60,5,6,1
60,6,0,1
60,0,8,1
60,8,4,2
60,4,7,2
60,7,2,2
60,2,6,1
60,6,0,1
60,0,8,1
60,8,2,1
60,2,6,1
60,6,0,1
60,0,8,1
60,8,2,1
60,2,6,2
60,6,3,1
60,3,-1,1

61,2,8,2
61,8,3,1
61,3,6,1
61,6,0,1
61,0,7,1
61,7,3,1
61,3,6,2
61,6,4,2
61,4,7,1
61,7,5,1
61,5,6,1
61,6,4,2
61,4,-1,1

62,3,8,1
62,8,2,1
62,2,7,2
62,7,1,2
62,1,6,2
62,6,4,2
62,4,7,2
62,7,1,1
62,1,-1,1

63,0,6,2
63,6,1,2
63,1,8,1
63,8,2,2
63,2,7,1
63,7,3,1
63,3,6,2
63,6,5,2
63,5,8,2
63,8,0,2
63,0,6,2
63,6,1,2
63,1,7,1
63,7,3,2
63,3,-1,1

64,4,8,1
64,8,3,1
64,3,7,2
64,7,1,2
64,1,6,2
64,6,2,2
64,2,8,1
64,8,4,2
64,4,7,1
64,7,5,1
64,5,6,2
64,6,-1,1

65,2,7,2
65,7,3,1
65,3,8,2
65,8,4,2
65,4,7,2
65,7,3,2
65,3,6,1
65,6,1,1
65,1,8,2
65,8,0,1
65,0,7,2
65,7,-1,1

66,3,7,1
66,7,2,2
66,2,8,2
66,8,5,2
66,5,7,2
66,7,0,2
66,0,8,2
66,8,3,1
66,3,6,2
66,6,4,1
66,4,-1,1

67,5,6,1
67,6,3,1
67,3,7,2
67,7,2,2
67,2,6,1
67,6,0,2
67,0,-1,1

68,1,7,2
68,7,4,1
68,4,6,1
68,6,2,1
68,2,7,2
68,7,0,2
68,0,6,2
68,6,5,2
68,5,8,2
68,8,4,1
68,4,7,1
68,7,5,2
68,5,-1,1

69,0,7,2
69,7,3,1
69,3,6,2
69,6,4,2
69,4,7,2
69,7,0,2
69,0,8,1
69,8,-1,1

70,5,7,1
70,7,2,2
70,2,6,1
70,6,0,1
70,0,7,1
70,7,3,2
70,3,-1,1

71,6,4,2
71,4,7,1
71,7,5,1
71,5,6,2
71,6,-1,1

72,2,7,1
72,7,0,2
72,0,6,2
72,6,5,1
72,5,-1,1

73,2,6,2
73,6,3,2
73,3,7,1
73,7,4,2
73,4,-1,1

74,8,5,2
74,5,7,2
74,7,1,2
74,1,6,2
74,6,4,2
74,4,7,1
74,7,5,2
74,5,-1,1

75,0,8,2
75,8,3,1
75,1,6,2
75,6,4,2
75,4,7,1
75,7,5,1
75,5,6,1
75,6,0,1
75,0,8,2
75,8,-1,1

76,5,6,1
76,6,1,1
76,1,8,2
76,8,0,1
76,0,7,1
76,7,4,1
76,4,6,2
76,6,-1,1

77,6,0,2
77,0,8,1
77,8,3,1
77,3,6,2
77,6,4,2
77,4,7,2
77,7,1,2
77,1,-1,1

78,3,6,1
78,6,1,1
78,1,7,1
78,7,5,1
78,5,6,1
78,6,2,2
78,2,-1,1

79,8,5,2
79,5,7,2
79,7,1,2
79,1,6,1
79,6,0,1
79,0,7,1
79,7,5,2
79,5,-1,1

80,1,7,2
80,7,3,1
80,3,6,2
80,6,5,2
80,5,8,2
80,8,1,2
80,1,6,1
80,6,0,1
80,0,8,2
80,8,-1,1

81,2,6,2
81,6,4,2
81,4,7,2
81,7,2,2
81,2,8,1
81,8,1,2
81,1,6,2
81,6,5,2
81,5,7,2
81,7,4,1
81,4,-1,1

82,7,0,1
82,0,6,2
82,6,3,2
82,3,7,1
82,7,5,1
82,5,6,2
82,6,-1,1

83,5,7,1
83,7,4,2
83,4,8,1
83,8,3,1
83,3,7,2
83,7,2,2
83,2,6,1
83,6,0,1
83,0,8,2
83,8,-1,1

84,6,1,2
84,1,8,1
84,8,2,1
84,2,6,2
84,6,3,2
84,3,8,1
84,8,4,1
84,4,6,2
84,6,5,2
84,5,7,2
84,7,3,2
84,3,8,1
84,8,0,2
84,0,6,2
84,6,4,1
84,4,-1,1

85,5,6,1
85,6,0,1
85,0,8,1
85,8,4,2
85,4,7,2
85,7,2,2
85,2,6,1
85,6,0,1
85,0,8,1
85,8,2,1
85,2,6,1
85,6,0,1
85,0,8,1
85,8,2,1
85,2,6,2
85,6,3,1
85,3,-1,1

86,2,8,2
86,8,3,1
86,3,6,1
86,6,0,1
86,0,7,1
86,7,3,1
86,3,6,2
86,6,4,2
86,4,7,1
86,7,5,1
86,5,6,1
86,6,4,2
86,4,-1,1

87,3,8,1
87,8,2,1
87,2,7,2
87,7,1,2
87,1,6,2
87,6,4,2
87,4,7,2
87,7,1,1
87,1,-1,1

88,0,6,2
88,6,1,2
88,1,8,1
88,8,2,2
88,2,7,1
88,7,3,1
88,3,6,2
88,6,5,2
88,5,8,2
88,8,0,2
88,0,6,2
88,6,1,2
88,1,7,1
88,7,3,2
88,3,-1,1

89,4,8,1
89,8,3,1
89,3,7,2
89,7,1,2
89,1,6,2
89,6,2,2
89,2,8,1
89,8,4,2
89,4,7,1
89,7,5,1
89,5,6,2
89,6,-1,1

90,2,7,2
90,7,3,1
90,3,8,2
90,8,4,2
90,4,7,2
90,7,3,2
90,3,6,1
90,6,1,1
90,1,8,2
90,8,0,1
90,0,7,2
90,7,-1,1

91,3,7,1
91,7,2,2
91,2,8,2
91,8,5,2
91,5,7,2
91,7,0,2
91,0,8,2
91,8,3,1
91,3,6,2
91,6,4,1
91,4,-1,1

92,5,6,1
92,6,3,1
92,3,7,2
92,7,2,2
92,2,6,1
92,6,0,2
92,0,-1,1

93,1,7,2
93,7,4,1
93,4,6,1
93,6,2,1
93,2,7,2
93,7,0,2
93,0,6,2
93,6,5,2
93,5,8,2
93,8,4,1
93,4,7,1
93,7,5,2
93,5,-1,1

94,0,7,2
94,7,3,1
94,3,6,2
94,6,4,2
94,4,7,2
94,7,0,2
94,0,8,1
94,8,-1,1

95,5,7,1
95,7,2,2
95,2,6,1
95,6,0,1
95,0,7,1
95,7,3,2
95,3,-1,1

96,6,4,2
96,4,7,1
96,7,5,1
96,5,6,2
96,6,-1,1

97,2,7,1
97,7,0,2
97,0,6,2
97,6,5,1
97,5,-1,1

98,2,6,2
98,6,3,2
98,3,7,1
98,7,4,2
98,4,-1,1

99,8,5,2
99,5,7,2
99,7,1,2
99,1,6,2
99,6,4,2
99,4,7,1
99,7,5,2
99,5,-1,1

100,0,8,2
100,8,3,1
100,1,6,2
100,6,4,2
100,4,7,1
100,7,5,1
100,5,6,1
100,6,0,1
100,0,8,2
100,8,-1,1

101,5,6,1
101,6,1,1
101,1,8,2
101,8,0,1
101,0,7,1
101,7,4,1
101,4,6,2
101,6,-1,1

102,6,0,2
102,0,8,1
102,8,3,1
102,3,6,2
102,6,4,2
102,4,7,2
102,7,1,2
102,1,-1,1

103,3,6,1
103,6,1,1
103,1,7,1
103,7,5,1
103,5,6,1
103,6,2,2
103,2,-1,1

104,8,5,2
104,5,7,2
104,7,1,2
104,1,6,1
104,6,0,1
104,0,7,1
104,7,5,2
104,5,-1,1

105,1,7,2
105,7,3,1
105,3,6,2
105,6,5,2
105,5,8,2
105,8,1,2
105,1,6,1
105,6,0,1
105,0,8,2
105,8,-1,1

106,2,6,2
106,6,4,2
106,4,7,2
106,7,2,2
106,2,8,1
106,8,1,2
106,1,6,2
106,6,5,2
106,5,7,2
106,7,4,1
106,4,-1,1

107,7,0,1
107,0,6,2
107,6,3,2
107,3,7,1
107,7,5,1
107,5,6,2
107,6,-1,1

108,5,7,1
108,7,4,2
108,4,8,1
108,8,3,1
108,3,7,2
108,7,2,2
108,2,6,1
108,6,0,1
108,0,8,2
108,8,-1,1

109,6,1,2
109,1,8,1
109,8,2,1
109,2,6,2
109,6,3,2
109,3,8,1
109,8,4,1
109,4,6,2
109,6,5,2
109,5,7,2
109,7,3,2
109,3,8,1
109,8,0,2
109,0,6,2
109,6,4,1
109,4,-1,1

110,5,6,1
110,6,0,1
110,0,8,1
110,8,4,2
110,4,7,2
110,7,2,2
110,2,6,1
110,6,0,1
110,0,8,1
110,8,2,1
110,2,6,1
110,6,0,1
110,0,8,1
110,8,2,1
110,2,6,2
110,6,3,1
110,3,-1,1

111,2,8,2
111,8,3,1
111,3,6,1
111,6,0,1
111,0,7,1
111,7,3,1
111,3,6,2
111,6,4,2
111,4,7,1
111,7,5,1
111,5,6,1
111,6,4,2
111,4,-1,1

112,3,8,1
112,8,2,1
112,2,7,2
112,7,1,2
112,1,6,2
112,6,4,2
112,4,7,2
112,7,1,1
112,1,-1,1

113,0,6,2
113,6,1,2
113,1,8,1
113,8,2,2
113,2,7,1
113,7,3,1
113,3,6,2
113,6,5,2
113,5,8,2
113,8,0,2
113,0,6,2
113,6,1,2
113,1,7,1
113,7,3,2
113,3,-1,1

114,4,8,1
114,8,3,1
114,3,7,2
114,7,1,2
114,1,6,2
114,6,2,2
114,2,8,1
114,8,4,2
114,4,7,1
114,7,5,1
114,5,6,2
114,6,-1,1

115,2,7,2
115,7,3,1
115,3,8,2
115,8,4,2
115,4,7,2
115,7,3,2
115,3,6,1
115,6,1,1
115,1,8,2
115,8,0,1
115,0,7,2
115,7,-1,1

116,3,7,1
116,7,2,2
116,2,8,2
116,8,5,2
116,5,7,2
116,7,0,2
116,0,8,2
116,8,3,1
116,3,6,2
116,6,4,1
116,4,-1,1

117,5,6,1
117,6,3,1
117,3,7,2
117,7,2,2
117,2,6,1
117,6,0,2
117,0,-1,1

118,1,7,2
118,7,4,1
118,4,6,1
118,6,2,1
118,2,7,2
118,7,0,2
118,0,6,2
118,6,5,2
118,5,8,2
118,8,4,1
118,4,7,1
118,7,5,2
118,5,-1,1

119,0,7,2
119,7,3,1
119,3,6,2
119,6,4,2
119,4,7,2
119,7,0,2
119,0,8,1
119,8,-1,1

120,5,7,1
120,7,2,2
120,2,6,1
120,6,0,1
120,0,7,1
120,7,3,2
120,3,-1,1

121,6,4,2
121,4,7,1
121,7,5,1
121,5,6,2
121,6,-1,1

122,2,7,1
122,7,0,2
122,0,6,2
122,6,5,1
122,5,-1,1

123,2,6,2
123,6,3,2
123,3,7,1
123,7,4,2
123,4,-1,1

124,8,5,2
124,5,7,2
124,7,1,2
124,1,6,2
124,6,4,2
124,4,7,1
124,7,5,1
124,5,-1,1

125,0,8,2
125,8,3,1
125,1,6,2
125,6,4,2
125,4,7,1
125,7,5,1
125,5,6,1
125,6,0,1
125,0,8,2
125,8,-1,1

126,5,6,1
126,6,1,1
126,1,8,2
126,8,0,1
126,0,7,1
126,7,4,1
126,4,6,2
126,6,-1,1

127,6,0,2
127,0,8,1
127,8,3,1
127,3,6,2
127,6,4,2
127,4,7,2
127,7,1,2
127,1,-1,1

128,3,6,1
128,6,1,1
128,1,7,1
128,7,5,1
128,5,6,1
128,6,2,2
128,2,-1,1

129,8,5,2
129,5,7,2
129,7,1,2
129,1,6,1
129,6,0,1
129,0,7,1
129,7,5,2
129,5,-1,1

130,1,7,2
130,7,3,1
130,3,6,2
130,6,5,2
130,5,8,2
130,8,1,2
130,1,6,1
130,6,0,1
130,0,8,2
130,8,-1,1

131,2,6,2
131,6,4,2
131,4,7,2
131,7,2,2
131,2,8,1
131,8,1,2
131,1,6,2
131,6,5,2
131,5,7,2
131,7,4,1
131,4,-1,1

132,7,0,1
132,0,6,2
132,6,3,2
132,3,7,1
132,7,5,1
132,5,6,2
132,6,-1,1

133,5,7,1
133,7,4,2
133,4,8,1
133,8,3,1
133,3,7,2
133,7,2,2
133,2,6,1
133,6,0,1
133,0,8,2
133,8,-1,1

134,6,1,2
134,1,8,1
134,8,2,1
134,2,6,2
134,6,3,2
134,3,8,1
134,8,4,1
134,4,6,2
134,6,5,2
134,5,7,2
134,7,3,2
134,3,8,1
134,8,0,2
134,0,6,2
134,6,4,1
134,4,-1,1

135,5,6,1
135,6,0,1
135,0,8,1
135,8,4,2
135,4,7,2
135,7,2,2
135,2,6,1
135,6,0,1
135,0,8,1
135,8,2,1
135,2,6,1
135,6,0,1
135,0,8,1
135,8,2,1
135,2,6,2
135,6,3,1
135,3,-1,1

136,2,8,2
136,8,3,1
136,3,6,1
136,6,0,1
136,0,7,1
136,7,3,1
136,3,6,2
136,6,4,2
136,4,7,1
136,7,5,1
136,5,6,1
136,6,4,2
136,4,-1,1

137,3,8,1
137,8,2,1
137,2,7,2
137,7,1,2
137,1,6,2
137,6,4,2
137,4,7,2
137,7,1,1
137,1,-1,1

138,0,6,2
138,6,1,2
138,1,8,1
138,8,2,2
138,2,7,1
138,7,3,1
138,3,6,2
138,6,5,2
138,5,8,2
138,8,0,2
138,0,6,2
138,6,1,2
138,1,7,1
138,7,3,2
138,3,-1,1

139,4,8,1
139,8,3,1
139,3,7,2
139,7,1,2
139,1,6,2
139,6,2,2
139,2,8,1
139,8,4,2
139,4,7,1
139,7,5,1
139,5,6,2
139,6,-1,1

140,2,7,2
140,7,3,1
140,3,8,2
140,8,4,2
140,4,7,2
140,7,3,2
140,3,6,1
140,6,1,1
140,1,8,2
140,8,0,1
140,0,7,2
140,7,-1,1

141,3,7,1
141,7,2,2
141,2,8,2
141,8,5,2
141,5,7,2
141,7,0,2
141,0,8,2
141,8,3,1
141,3,6,2
141,6,4,1
141,4,-1,1

142,5,6,1
142,6,3,1
142,3,7,2
142,7,2,2
142,2,6,1
142,6,0,2
142,0,-1,1

143,1,7,2
143,7,4,1
143,4,6,1
143,6,2,1
143,2,7,2
143,7,0,2
143,0,6,2
143,6,5,2
143,5,8,2
143,8,4,1
143,4,7,1
143,7,5,2
143,5,-1,1

144,0,7,2
144,7,3,1
144,3,6,2
144,6,4,2
144,4,7,2
144,7,0,2
144,0,8,1
144,8,-1,1

145,5,7,1
145,7,2,2
145,2,6,1
145,6,0,1
145,0,7,1
145,7,3,2
145,3,-1,1

146,6,4,2
146,4,7,1
146,7,5,1
146,5,6,2
146,6,-1,1

147,2,7,1
147,7,0,2
147,0,6,2
147,6,5,1
147,5,-1,1

148,2,6,2
148,6,3,2
148,3,7,1
148,7,4,2
148,4,-1,1

149,8,5,2
149,5,7,2
149,7,1,2
149,1,6,2
149,6,4,2
149,4,7,1
149,7,5,2
149,5,-1,1

150,0,8,2
150,8,3,1
150,1,6,2
150,6,4,2
150,4,7,1
150,7,5,1
150,5,6,1
150,6,0,1
150,0,8,2
150,8,-1,1

151,5,6,1
151,6,1,1
151,1,8,2
151,8,0,1
151,0,7,1
151,7,4,1
151,4,6,2
151,6,-1,1

152,6,0,2
152,0,8,1
152,8,3,1
152,3,6,2
152,6,4,2
152,4,7,2
152,7,1,2
152,1,-1,1

153,3,6,1
153,6,1,1
153,1,7,1
153,7,5,1
153,5,6,1
153,6,2,2
153,2,-1,1

154,8,5,2
154,5,7,2
154,7,1,2
154,1,6,1
154,6,0,1
154,0,7,1
154,7,5,2
154,5,-1,1

155,1,7,2
155,7,3,1
155,3,6,2
155,6,5,2
155,5,8,2
155,8,1,2
155,1,6,1
155,6,0,1
155,0,8,2
155,8,-1,1

156,2,6,2
156,6,4,2
156,4,7,2
156,7,2,2
156,2,8,1
156,8,1,2
156,1,6,2
156,6,5,2
156,5,7,2
156,7,4,1
156,4,-1,1

157,7,0,1
157,0,6,2
157,6,3,2
157,3,7,1
157,7,5,1
157,5,6,2
157,6,-1,1

158,5,7,1
158,7,4,2
158,4,8,1
158,8,3,1
158,3,7,2
158,7,2,2
158,2,6,1
158,6,0,1
158,0,8,2
158,8,-1,1

159,6,1,2
159,1,8,1
159,8,2,1
159,2,6,2
159,6,3,2
159,3,8,1
159,8,4,1
159,4,6,2
159,6,5,2
159,5,7,2
159,7,3,2
159,3,8,1
159,8,0,2
159,0,6,2
159,6,4,1
159,4,-1,1

160,5,6,1
160,6,0,1
160,0,8,1
160,8,4,2
160,4,7,2
160,7,2,2
160,2,6,1
160,6,0,1
160,0,8,1
160,8,2,1
160,2,6,1
160,6,0,1
160,0,8,1
160,8,2,1
160,2,6,2
160,6,3,1
160,3,-1,1

161,2,8,2
161,8,3,1
161,3,6,1
161,6,0,1
161,0,7,1
161,7,3,1
161,3,6,2
161,6,4,2
161,4,7,1
161,7,5,1
161,5,6,1
161,6,4,2
161,4,-1,1

162,3,8,1
162,8,2,1
162,2,7,2
162,7,1,2
162,1,6,2
162,6,4,2
162,4,7,2
162,7,1,1
162,1,-1,1

163,0,6,2
163,6,1,2
163,1,8,1
163,8,2,2
163,2,7,1
163,7,3,1
163,3,6,2
163,6,5,2
163,5,8,2
163,8,0,2
163,0,6,2
163,6,1,2
163,1,7,1
163,7,3,2
163,3,-1,1

164,4,8,1
164,8,3,1
164,3,7,2
164,7,1,2
164,1,6,2
164,6,2,2
164,2,8,1
164,8,4,2
164,4,7,1
164,7,5,1
164,5,6,2
164,6,-1,1

165,2,7,2
165,7,3,1
165,3,8,2
165,8,4,2
165,4,7,2
165,7,3,2
165,3,6,1
165,6,1,1
165,1,8,2
165,8,0,1
165,0,7,2
165,7,-1,1

166,3,7,1
166,7,2,2
166,2,8,2
166,8,5,2
166,5,7,2
166,7,0,2
166,0,8,2
166,8,3,1
166,3,6,2
166,6,4,1
166,4,-1,1

167,5,6,1
167,6,3,1
167,3,7,2
167,7,2,2
167,2,6,1
167,6,0,2
167,0,-1,1

168,1,7,2
168,7,4,1
168,4,6,1
168,6,2,1
168,2,7,2
168,7,0,2
168,0,6,2
168,6,5,2
168,5,8,2
168,8,4,1
168,4,7,1
168,7,5,2
168,5,-1,1

169,0,7,2
169,7,3,1
169,3,6,2
169,6,4,2
169,4,7,2
169,7,0,2
169,0,8,1
169,8,-1,1

170,5,7,1
170,7,2,2
170,2,6,1
170,6,0,1
170,0,7,1
170,7,3,2
170,3,-1,1

171,6,4,2
171,4,7,1
171,7,5,1
171,5,6,2
171,6,-1,1

172,2,7,1
172,7,0,2
172,0,6,2
172,6,5,1
172,5,-1,1

173,2,6,2
173,6,3,2
173,3,7,1
173,7,4,2
173,4,-1,1

174,8,5,2
174,5,7,2
174,7,1,2
174,1,6,2
174,6,4,2
174,4,7,1
174,7,5,2
174,5,-1,1

175,0,8,2
175,8,3,1
175,1,6,2
175,6,4,2
175,4,7,1
175,7,5,1
175,5,6,1
175,6,0,1
175,0,8,2
175,8,-1,1

176,5,6,1
176,6,1,1
176,1,8,2
176,8,0,1
176,0,7,1
176,7,4,1
176,4,6,2
176,6,-1,1

177,6,0,2
177,0,8,1
177,8,3,1
177,3,6,2
177,6,4,2
177,4,7,2
177,7,1,2
177,1,-1,1

178,3,6,1
178,6,1,1
178,1,7,1
178,7,5,1
178,5,6,1
178,6,2,2
178,2,-1,1

179,8,5,2
179,5,7,2
179,7,1,2
179,1,6,1
179,6,0,1
179,0,7,1
179,7,5,2
179,5,-1,1

180,1,7,2
180,7,3,1
180,3,6,2
180,6,5,2
180,5,8,2
180,8,1,2
180,1,6,1
180,6,0,1
180,0,8,2
180,8,-1,1

181,2,6,2
181,6,4,2
181,4,7,2
181,7,2,2
181,2,8,1
181,8,1,2
181,1,6,2
181,6,5,2
181,5,7,2
181,7,4,1
181,4,-1,1

182,7,0,1
182,0,6,2
182,6,3,2
182,3,7,1
182,7,5,1
182,5,6,2
182,6,-1,1

183,5,7,1
183,7,4,2
183,4,8,1
183,8,3,1
183,3,7,2
183,7,2,2
183,2,6,1
183,6,0,1
183,0,8,2
183,8,-1,1

184,6,1,2
184,1,8,1
184,8,2,1
184,2,6,2
184,6,3,2
184,3,8,1
184,8,4,1
184,4,6,2
184,6,5,2
184,5,7,2
184,7,3,2
184,3,8,1
184,8,0,2
184,0,6,2
184,6,4,1
184,4,-1,1

185,5,6,1
185,6,0,1
185,0,8,1
185,8,4,2
185,4,7,2
185,7,2,2
185,2,6,1
185,6,0,1
185,0,8,1
185,8,2,1
185,2,6,1
185,6,0,1
185,0,8,1
185,8,2,1
185,2,6,2
185,6,3,1
185,3,-1,1

186,2,8,2
186,8,3,1
186,3,6,1
186,6,0,1
186,0,7,1
186,7,3,1
186,3,6,2
186,6,4,2
186,4,7,1
186,7,5,1
186,5,6,1
186,6,4,2
186,4,-1,1

187,3,8,1
187,8,2,1
187,2,7,2
187,7,1,2
187,1,6,2
187,6,4,2
187,4,7,2
187,7,1,1
187,1,-1,1

188,0,6,2
188,6,1,2
188,1,8,1
188,8,2,2
188,2,7,1
188,7,3,1
188,3,6,2
188,6,5,2
188,5,8,2
188,8,0,2
188,0,6,2
188,6,1,2
188,1,7,1
188,7,3,2
188,3,-1,1

189,4,8,1
189,8,3,1
189,3,7,2
189,7,1,2
189,1,6,2
189,6,2,2
189,2,8,1
189,8,4,2
189,4,7,1
189,7,5,1
189,5,6,2
189,6,-1,1

190,2,7,2
190,7,3,1
190,3,8,2
190,8,4,2
190,4,7,2
190,7,3,2
190,3,6,1
190,6,1,1
190,1,8,2
190,8,0,1
190,0,7,2
190,7,-1,1

191,3,7,1
191,7,2,2
191,2,8,2
191,8,5,2
191,5,7,2
191,7,0,2
191,0,8,2
191,8,3,1
191,3,6,2
191,6,4,1
191,4,-1,1

192,5,6,1
192,6,3,1
192,3,7,2
192,7,2,2
192,2,6,1
192,6,0,2
192,0,-1,1

193,1,7,2
193,7,4,1
193,4,6,1
193,6,2,1
193,2,7,2
193,7,0,2
193,0,6,2
193,6,5,2
193,5,8,2
193,8,4,1
193,4,7,1
193,7,5,2
193,5,-1,1

194,0,7,2
194,7,3,1
194,3,6,2
194,6,4,2
194,4,7,2
194,7,0,2
194,0,8,1
194,8,-1,1

195,5,7,1
195,7,2,2
195,2,6,1
195,6,0,1
195,0,7,1
195,7,3,2
195,3,-1,1

196,6,4,2
196,4,7,1
196,7,5,1
196,5,6,2
196,6,-1,1

197,2,7,1
197,7,0,2
197,0,6,2
197,6,5,1
197,5,-1,1

198,2,6,2
198,6,3,2
198,3,7,1
198,7,4,2
198,4,-1,1

199,8,5,2
199,5,7,2
199,7,1,2
199,1,6,2
199,6,4,2
199,4,7,1
199,7,5,2
199,5,-1,1
